# System usage



s2v_fist_verb <- c(1,0.4396525,1,1,1,1,0.6204177,1,1,0.44425145,1,1,0.42389685,0.4396525,1,1,1,0.49424097,1,1,1,0.6995783,0.62976205,1,1,1,0.7219776,1,1,1,1,1,1,0.6133388,1,1,1,1,1,0.21157156,0.78961223,1,0.54739463,1,0.4275721,1,0.6204177,1,1,1,0.5746629,1,1,0.42389685,1,1,1,0.68233657,1,1,0.45772463,0.5067416,1,1,1,1,1,0.42389685,1,1,1,0.6184054,1,0.6430957,1,1,1,0.72416663,1,0.67606395,1,0.77473474,1,1,0.6880351,1,1,0.59653574,1,0.44425145,1,1,1,1,0.6995783,1,1,0.814593,0.63782865,1,1,1,0.46015492,1,1,1,1,1,1,1,1,0.46796045,1,1,1,1,0.6282234,1,1,1,1,1,1,1,0.41384384,1,1,1,0.62942123,1,1,1,1,1,1,1,1,1,1,0.45772463,0.2490735,0.7331787,0.5638013,1,0.47508818,1,1,1,1,0.71457726,0.6020837,1,0.7058569,1,0.6204177,1,1,1,1,0.47508818,1,1,1,1,0.5977139,1,1,1,1,1,0.70003676,1,1,1,0.77757204,0.7842755,0.77027106,1,1,1,0.70003676,1,0.47665712,1,1,1,1,0.418118,0.6204177,1,1,1,1,1,1,1,1,0.3103203,0.814593,1,1,1,1,1,1,1,0.46015492,1,1,1,1,1,1,1,1,1,0.37074527,0.6282234,1,0.8795406,1,1,0.814593,0.37074527,1,1,1,1,1,1,1,1,0.45772463,0.52540314,1,1,1,1,1,1,0.6880351,0.7690637,1,1,1,1,1,1,1,1,0.23563676,1,1,1,1,1,0.37074527,1,1,1,1,1,1,1,1,0.7219776,1,1,1,1,0.5113325,1,1,1,1,0.5638013,1,1,1,1,1,0.63782865,1,0.44425145,1,1,1,1,0.77714646,0.70003676,1,1,1,0.6020837,1,1,1,1,1,1,1,1,1,0.5977139,1,1,1,1,1,1,1,1,0.5674849,1,0.46015492,0.8795406,1,1,1,0.2490735,1,1,1,1,1,1,0.6430957,0.48712075,1,1,1,0.63782865,1,1,1,1,0.62386763,0.5205216,1,1,0.5418873,1,1,0.49114913,1,1,1,0.7842755,1,1,1,1,0.2490735,1,1,1,1,0.62976205,1,1,1,0.6430957,0.7392388,0.7096307,1,1,1,1,1,1,1,1,0.5625846,1,0.2490735,1,1,1,1,0.5305504,1,0.37074527,1,1,1,0.8270246,1,1,1,1,1,1,1,1,1,1,1,1,1,0.63782865,1,1,1,1,1,1,1,1,0.6511977,1,1,1,1,1,1,1,1,1,1,1,1,1,1,0.45168868,1,1,1,1,1,0.41384384,1,1,1,1,1,0.44425145,1,0.814593,0.4637358,0.87150013,1,0.4275721,1,1,1,0.69291645,1,1,1,0.6108811,0.7392388,1,0.38352826,1,0.5746629,1,0.5638013,1,0.6501684,1,1,1,1,1,1,1,1,1,1,1,1,1,1,1,1,0.48712075,1,1,1,0.6503604,1,0.6503604,1,1,0.49114913,0.55445874,0.87114245,1,1,1,1,0.76315266,0.42389685,1,0.47868776,1,1,1,1,1,1,1,1,1,0.73581934,1,1,1,1,1,1,0.6145434,1,0.5113325,1,0.6190723,1,1,0.4130468,0.52540314,1,1,1,0.5113325,0.4396525,1,1,1,0.5305504,1,0.87114245,1,0.52540314,0.814593,0.5067416,1,1,0.59653574,1,1,1,1,1,1,1,1,1,1,1,1,1,1,1,1,0.44425145,0.4396525,0.50121397,1,1,1,1,1,0.4637358,1,1,1,1,1,0.3905538,1,0.2490735,1,0.77757204,0.6430957,1,1,1,1,0.43129355,1,1,1,0.44981152,1,1,1,1,1,1,1,1,1,1,1,1,1,0.41384384,0.41384384,0.7024753,1,1,1,1,0.4275721,1,0.49114913,1,0.7842755,1,1,1,1,1,0.46015492,1,1,1,0.6108811,1,1,1,1,1,1,1,1,0.76315266,1,0.3103203,1,0.73960996,1,1,1,0.52540314,1,1,0.52540314,0.4130468,1,0.70003676,1,0.68233657,0.7559859,1,1,1,1,0.39424753,0.70003676,1,0.76315266,0.36245632,1,0.46796045,0.70003676,1,1,1,1,1,1,1,1,1,1,1,0.4275721,1,0.50121397,1,1,1,1,0.8795406,1,0.7882206,1,0.59653574,0.42389685,1,1,1,1,1,1,1,1,0.43129355,0.70003676,0.3103203,0.8270246,1,1,1,1,1,1,1,0.5305504,1,0.6282234,1,1,0.72416663,1,1,1,0.6376897,1,1,1,0.52540314,1,1,1,0.27087006,1,1,1,0.76315266,1,1,1,1,1,1,1,1,1,1,1,0.50121397,1,1,1,0.4275721,0.45772463,1,0.76315266,1,0.42389685,1,1,1,1,0.7812639,0.44425145,1,1,0.418118,1,1,1,1,1,1,0.69009924,1,1,0.76315266,1,1,0.52540314,1)
w2v_fist_verb <- c(1,1,1,1,1,0.309793,0.99999994,-0.12749827,1,1,0.3000386,1,0.4007791,1,1,1,1,0.12222154,0.48318893,1,1,1,1,1,1,1,0.99999994,0.6839063,1,1,1,1,0.680593,1,-0.12749827,0.99999994,1,1,1,1,1,1,1,0.44173652,0.48723003,1,0.4756788,1,0.99999994,0.35510886,0.8354425,1,0.80811477,1,0.99999994,0.47298503,0.6054121,1,0.8677054,1,0.4007791,1,1,1,1,1,1,1,0.44627905,0.16259249,1,1,1,1,1,1,1,1,1,1,0.48675558,0.012015382,1,0.13281247,0.6701168,1,1,1,1,1,1,1,0.53319395,0.5770045,0.48723003,1,1,1,1,0.99999994,1,1,1,0.48318893,1,1,0.8354425,1,0.99999994,1,1,1,1,0.22275014,0.3874714,0.48675558,0.8677054,1,1,1,1,1,1,1,1,1,1,1,1,1,0.44212884,0.16434827,1,0.309793,0.7278411,1,0.44598138,0.42875066,1,1,1,0.12222154,1,1,1,0.99999994,1,0.99999994,1,1,0.47298503,1,0.27460334,1,1,0.79646647,0.309793,1,0.7980804,1,0.6054121,0.4007791,0.48723003,0.4176218,1,0.99999994,0.99999994,1,0.7002376,0.8408154,1,0.43010306,1,1,0.99999994,0.4007791,1,1,1,1,1,1,1,1,1,1,1,1,1,1,0.99999994,1,1,0.99999994,1,0.35510886,1,1,0.5770045,1,1,1,1,1,1,1,1,1,1,1,0.4176218,0.25820026,1,0.99999994,0.67449903,0.23036814,1,0.99999994,0.22275014,1,0.295391,1,1,1,1,0.7278411,-0.021574305,0.4823386,0.8278799,0.44212884,1,1,1,0.3412163,1,0.99999994,0.48723003,0.5285256,1,1,1,0.38415304,1,1,0.3295845,1,0.25820026,1,1,1,0.99999994,0.27875984,1,1,1,1,1,0.38415304,0.99999994,1,0.6030951,1,0.8227142,1,1,0.32364058,1,1,0.44212884,1,1,1,0.99999994,0.99999994,-0.021574305,1,1,0.4756788,0.47798374,0.67449903,1,1,1,1,1,1,1,0.99999994,1,0.309793,1,1,1,1,0.2795902,0.2660399,1,0.5762043,1,0.5762043,1,0.99999994,0.8354425,0.24158582,0.56046575,0.99999994,1,1,0.40534666,0.24478132,1,1,1,1,0.48318893,1,0.99999994,1,1,0.6054121,0.15712479,0.99999994,0.39699715,1,1,0.99999994,1,-0.047015317,1,1,1,1,1,1,0.2795902,1,1,1,1,0.67449903,0.039417733,0.35712466,1,1,1,0.6394454,1,1,1,1,0.7278411,0.99999994,1,0.29845852,1,1,1,1,1,1,0.3295845,0.99999994,1,0.99999994,0.5770045,1,1,1,1,1,1,1,0.6701168,1,0.10345126,1,1,0.16434827,1,1,1,1,0.99999994,1,0.27875984,1,1,1,1,0.69450164,1,0.21097478,1,0.6839063,1,1,0.69450164,0.99999994,1,0.16259249,1,1,0.06881772,1,0.094626226,1,1,0.4756788,1,-0.047015317,0.7278411,0.6107836,1,1,0.99999994,0.99999994,0.2795902,1,1,1,0.99999994,1,0.99999994,0.09754051,0.26855412,0.8354425,1,1,-0.047015317,1,1,1,1,1,0.6054121,1,1,1,0.25340748,1,1,1,0.32364058,1,1,0.06881772,1,1,0.8354425,0.67449903,0.99999994,1,1,1,1,1,0.13900574,0.99999994,0.4176218,1,0.59767544,0.93170106,1,1,1,0.26510698,0.8354425,0.99999994,1,0.99999994,0.99999994,0.35510886,1,0.99999994,0.99999994,1,1,1,0.3874714,1,1,1,1,1,1,0.25399002,0.6394454,0.4646365,1,1,0.99999994,1,1,1,0.6701168,1,0.4506089,0.8354425,1,1,0.79646647,1,1,0.99999994,1,0.7278411,-0.12749827,1,0.5303794,1,1,0.74858737,1,1,1,1,1,1,0.8677054,1,0.99999994,0.99999994,0.99999994,0.99999994,0.5762043,1,0.44212884,1,1,1,1,0.42875066,1,1,1,0.99999994,0.24241246,1,0.67449903,0.25340748,1,1,0.52809274,1,1,1,0.5770045,1,0.44212884,1,1,0.2660399,1,1,-0.12749827,1,0.6109226,0.6701168,1,1,1,0.44055676,1,1,1,1,0.99999994,1,1,0.16434827,1,1,0.35184604,1,0.48675558,1,1,1,0.6977526,0.4176218,1,1,1,1,1,1,1,1,1,1,1,1,0.93170106,0.37706876,1,1,0.6839063,0.35712466,1,1,1,0.4007791,0.99999994,1,1,0.48723003,1,1,1,1,0.44627905,1,1,0.16023284,0.4756788,0.6977526,1,1,1,1,1,1,1,0.24241246,1,0.99999994,1,0.24478132,1,0.60697013,0.2795902,0.5770045,0.44055676,1,1,1,1,1,0.48723003,1,1,1,1,1,1,1,0.5770045,0.6054121,1,0.309793,1,0.6394454,1,1,1,1,1,0.3412163,1,1,0.008827312,1,0.52809274,1,0.74858737,0.3295845,1,0.20289439,0.55071807,0.8354425,0.99999994,1,1,0.99999994,1,1,1,0.4007791,1,0.67449903,1,1,1,1,1,1,1,0.44212884,1,0.25820026,0.8278799,1,1,1,1,1,1,1,1,1,1,0.37706876,0.11137879,0.99999994,1,1,1,0.48318893,1,1,1,1,0.012015382,1,0.44212884,0.44173652,1,1,1,1,1,0.93170106,0.48723003,1,1,0.8278799,0.53319395,1,1,1,0.4007791,0.16259249,1,1,1,0.99999994,1,0.44212884,1,0.3303277,1,1,0.039417733,1,1,1,0.8677054,0.5762043,1,0.8227142,1,1,1,1,1,1,1,1,1,1,1,0.20289439,0.99999994,1,0.44212884,1,0.99999994,0.48723003,0.60697013,0.99999994,1,1,1,1,1,1,1,1,0.7278411,1,0.20289439,1,1,0.7002376,1,1)
